Start: 3.9490070343017578 5.3206806182861328 0
End: 8.3104610443115234 65.800971984863281 0
