Start: 7.8484039306640625 3.4011440277099609 0
End: 22.345491409301758 63.503952026367188 0
