Start: 3.9578437805175781 3.0651397705078125 0
End: 27.914440155029297 61.844947814941406 0
