Start: 4.3987178802490234 4.7499313354492188 0
End: 20.23274040222168 64.403488159179688 0
