Start: 11.876131057739258 2.5842704772949219 0
End: 22.752223968505859 64.955924987792969 0
