Start: 15.966060638427734 62.657791137695312 0
End: 19.974319458007812 3.9720420837402344 0
