Start: 9.5069484710693359 64.879905700683594 0
End: 19.471220016479492 2.090179443359375 0
