Start: 14.187297821044922 66.808502197265625 0
End: 5.8466892242431641 3.8529911041259766 0
