Start: 22.941495895385742 4.3104343414306641 0
End: 18.723995208740234 59.376251220703125 0
