Start: 13.207582473754883 65.155555725097656 0
End: 24.256031036376953 1.4890232086181641 0
