Start: 5.7130718231201172 2.8903827667236328 0
End: 16.726352691650391 66.593406677246094 0
