Start: 21.929414749145508 61.368782043457031 0
End: 3.7336540222167969 2.9125022888183594 0
