Start: 25.577436447143555 2.3968620300292969 0
End: 6.3123588562011719 63.965660095214844 0
